TOB=[50, 63, 80, 100, 125, 160, 200, 250, 315, 400, 500, 630, 800, 1000, 1250, 1600, 2000, 2500, 3150, 4000, 5000, 6300, 8000, 10000, 12500, 16000, 20000];
SelectedFrequency=[1];
Temperature=20.000000;
Humidity=50.000000;
Pressure=101325.000000;
tol=0.000001;
maxint=200;
dt=0.001000;
duration=2.000000;
atmos_absorption_calculation = 0;
state=0;
